21.1
9.1
20.3
18.3
30.1
11.1
110.1
15.1
60.7
60.6
54.6
2.1
4.1
4.2
6.2
8.1
8.2
8.3
8.4
8.5
10.2
12.1
12.2
12.3
12.4
12.5
14.2
16.1
16.2
16.3
16.4
16.5
16.6
16.7
16.8
16.9
16.10
16.11
16.12
16.13
16.14
18.2
20.2
20.5
22.2
24.3
24.5
24.6
24.8
24.10
24.12
24.13
24.14
32.1
32.2
32.3
32.4
32.5
32.6
32.7
32.8
32.9
32.10
32.11
32.12
32.13
32.14
32.15
32.16
32.17
32.18
32.19
32.20
32.21
32.22
32.23
32.24
32.25
32.26
32.27
32.28
32.29
32.30
32.31
32.32
32.33
32.34
32.35
32.36
32.37
32.38
32.39
32.40
32.41
32.42
32.43
32.44
36.3
36.6
36.12
40.10
40.12
42.2
48.3
48.28
48.29
48.30
48.31
48.33
48.38
48.48
48.49
48.50
56.11
60.9
64.1
64.2
64.3
64.4
64.5
64.6
64.7
64.8
64.9
64.10
64.11
64.12
64.13
64.14
64.15
64.16
64.17
64.18
64.19
64.20
64.21
64.22
64.23
64.24
64.25
64.26
64.27
64.28
64.29
64.30
64.31
64.32
64.33
64.34
64.35
64.36
64.37
64.38
64.39
64.40
64.41
64.42
64.43
64.44
64.45
64.46
64.47
64.48
64.49
64.50
64.51
64.52
64.53
64.54
64.55
64.56
64.57
64.58
64.59
64.60
64.61
64.62
64.63
64.64
64.65
64.66
64.67
64.68
64.69
64.70
64.71
64.72
64.73
64.74
64.75
64.76
64.77
64.78
64.79
64.80
64.81
64.82
64.83
64.84
64.85
64.86
64.87
64.88
64.89
64.90
64.91
64.92
64.93
64.94
64.95
64.96
64.97
64.98
64.99
64.100
64.101
64.102
64.103
64.104
64.105
64.106
64.107
64.108
64.109
64.110
64.111
64.112
64.113
64.114
64.115
64.116
64.117
64.118
64.119
64.120
64.121
64.122
64.123
64.124
64.125
64.126
64.127
64.128
64.129
64.130
64.131
64.132
64.133
64.134
64.135
64.136
64.137
64.138
64.139
64.140
64.141
64.142
64.143
64.144
64.145
64.146
64.147
64.148
64.149
64.150
64.151
64.152
64.153
64.154
64.155
64.156
64.157
64.158
64.159
64.160
64.161
64.162
64.163
64.164
64.165
64.166
64.167
64.168
64.169
64.170
64.171
64.172
64.173
64.174
64.175
64.176
64.177
64.178
64.179
64.180
64.181
64.182
64.183
64.184
64.185
64.186
64.187
64.188
64.189
64.190
64.191
72.16
72.30
72.42
72.44
80.30
80.31
80.34
80.49
80.50
96.3
96.64
96.68
96.70
96.71
96.72
96.186
96.187
96.189
96.190
96.192
96.193
96.195
96.197
96.202
96.203
96.226
96.227
96.229
