1.1|1
2.1|7
3.1|1
4.1|12
4.2|7
5.1|1
6.1|1
6.2|7
7.1|1
8.1|24
8.2|18
8.3|18
8.4|6
8.5|1
9.1|1
10.2|7
11.1|1
12.1|4
12.2|12
12.3|1
12.4|3
12.5|7
13.1|1
14.2|7
15.1|1
16.1|48
16.2|4
16.3|12
16.4|12
16.5|36
16.6|36
16.7|16
16.8|36
16.9|20
16.10|3
16.11|9
16.12|3
16.13|16
16.14|0
17.1|1
18.2|7
18.3|1
19.1|1
20.2|12
20.3|1
20.5|7
21.1|1
21.2|1
22.2|7
23.1|1
24.3|0
24.5|4
24.6|2
24.8|4
24.10|18
24.12|3
24.13|7
24.14|1
30.1|1
32.1|96
32.2|0
32.3|12
32.4|12
32.5|24
32.6|24
32.7|12
32.8|12
32.9|20
32.10|28
32.11|48
32.12|24
32.13|12
32.14|12
32.15|24
32.16|72
32.17|72
32.18|16
32.19|32
32.20|16
32.21|1
32.22|3
32.23|3
32.24|12
32.25|18
32.26|6
32.27|4
32.28|18
32.29|18
32.30|24
32.31|12
32.32|12
32.33|20
32.34|1
32.35|3
32.36|6
32.37|18
32.38|24
32.39|8
32.40|18
32.41|10
32.42|36
32.43|38
32.44|34
36.3|1
36.6|4
36.12|3
40.10|18
40.12|3
42.2|7
42.3|1
48.3|1
48.28|8
48.29|8
48.30|12
48.31|12
48.33|16
48.38|6
48.48|9
48.49|7
48.50|0
54.4|1
54.6|1
56.11|2
60.6|1
60.7|1
60.9|1
64.1|192
64.2|4
64.3|12
64.4|24
64.5|24
64.6|40
64.7|56
64.8|40
64.9|56
64.10|24
64.11|24
64.12|8
64.13|24
64.14|16
64.15|24
64.16|24
64.17|0
64.18|0
64.19|0
64.20|0
64.21|0
64.22|0
64.23|0
64.24|0
64.25|0
64.26|24
64.27|24
64.28|48
64.29|48
64.30|48
64.31|96
64.32|48
64.33|48
64.34|24
64.35|24
64.36|24
64.37|24
64.38|20
64.39|20
64.40|40
64.41|40
64.42|20
64.43|20
64.44|48
64.45|48
64.46|48
64.47|12
64.48|12
64.49|24
64.50|144
64.51|144
64.52|16
64.53|32
64.54|16
64.55|0
64.56|0
64.57|1
64.58|3
64.59|3
64.60|0
64.61|3
64.62|3
64.63|3
64.64|3
64.65|0
64.66|6
64.67|6
64.68|24
64.69|24
64.70|6
64.71|3
64.72|3
64.73|1
64.74|3
64.75|9
64.76|1
64.77|6
64.78|15
64.79|9
64.80|3
64.81|15
64.82|2
64.83|3
64.84|3
64.85|6
64.86|12
64.87|6
64.88|6
64.89|12
64.90|12
64.91|12
64.92|6
64.93|6
64.94|12
64.95|5
64.96|7
64.97|12
64.98|12
64.99|7
64.100|5
64.101|24
64.102|24
64.103|6
64.104|6
64.105|12
64.106|3
64.107|3
64.108|6
64.109|12
64.110|12
64.111|12
64.112|24
64.113|24
64.114|48
64.115|36
64.116|72
64.117|36
64.118|16
64.119|36
64.120|20
64.121|36
64.122|16
64.123|20
64.124|72
64.125|72
64.126|12
64.127|36
64.128|11
64.129|11
64.130|26
64.131|13
64.132|13
64.133|22
64.134|24
64.135|24
64.136|24
64.137|24
64.138|16
64.139|16
64.140|17
64.141|19
64.142|17
64.143|19
64.144|38
64.145|34
64.146|36
64.147|16
64.148|20
64.149|36
64.150|20
64.151|16
64.152|72
64.153|36
64.154|36
64.155|15
64.156|17
64.157|19
64.158|21
64.159|38
64.160|34
64.161|21
64.162|25
64.163|50
64.164|23
64.165|27
64.166|46
64.167|11
64.168|13
64.169|24
64.170|24
64.171|13
64.172|11
64.173|3
64.174|1
64.175|2
64.176|6
64.177|7
64.178|5
64.179|3
64.180|6
64.181|3
64.182|12
64.183|12
64.184|36
64.185|48
64.186|8
64.187|16
64.188|8
64.189|32
64.190|32
64.191|32
72.16|7
72.30|4
72.42|3
72.44|1
80.30|2
80.31|2
80.34|2
80.49|1
80.50|1
96.3|0
96.64|6
96.68|7
96.70|7
96.71|14
96.72|7
96.186|12
96.187|6
96.189|12
96.190|16
96.192|16
96.193|8
96.195|12
96.197|18
96.202|24
96.226|3
96.227|1
100.9|1
108.26|3
110.1|1
112.41|14
120.37|3
126.8|1
128.1|384
128.2|16
128.3|48
128.4|32
128.5|0
128.6|0
128.7|0
128.8|0
128.9|0
128.10|0
128.11|0
128.12|0
128.13|0
128.14|0
128.15|0
128.16|0
128.17|0
128.18|0
128.20|0
128.21|0
128.22|0
128.23|0
128.24|0
128.25|0
128.26|0
128.27|0
128.28|0
128.29|0
128.30|0
128.31|0
128.32|0
128.33|0
128.34|0
128.35|0
128.36|0
128.37|0
128.39|0
128.41|0
128.42|12
128.43|12
128.44|24
128.45|48
128.46|48
128.47|48
128.48|24
128.49|24
128.50|24
128.51|24
128.52|48
128.53|48
128.54|48
128.55|48
128.56|24
128.57|24
128.58|48
128.59|48
128.60|48
128.61|80
128.62|80
128.63|40
128.64|40
128.65|40
128.66|40
128.67|80
128.68|80
128.69|112
128.70|112
128.71|40
128.72|40
128.73|40
128.74|40
128.75|40
128.76|40
128.77|40
128.78|40
128.79|40
128.80|40
128.81|40
128.82|40
128.83|56
128.84|56
128.85|56
128.86|56
128.87|48
128.88|48
128.89|8
128.90|8
128.91|16
128.92|32
128.93|16
128.94|16
128.95|48
128.96|24
128.97|24
128.98|64
128.99|48
128.100|48
128.101|48
128.102|48
128.103|24
128.104|24
128.105|48
128.106|0
128.107|0
128.108|0
128.109|0
128.110|0
128.111|0
128.112|0
128.113|0
128.114|0
128.115|0
128.116|0
128.117|0
128.118|0
128.119|0
128.120|0
128.121|0
128.122|0
128.123|0
128.125|0
128.128|48
128.129|48
128.130|96
128.131|96
128.132|96
128.133|192
128.134|96
128.135|96
128.136|96
128.137|96
128.138|48
128.139|48
128.140|24
128.141|24
128.142|24
128.143|24
128.144|48
128.145|48
128.146|96
128.147|20
128.148|20
128.149|40
128.150|40
128.151|20
128.152|20
128.153|96
128.154|96
128.155|12
128.156|12
128.157|24
128.158|48
128.159|288
128.160|288
128.161|16
128.162|32
128.163|16
128.164|0
128.165|0
128.166|3
128.167|0
128.168|3
128.169|1
128.170|0
128.171|3
128.172|3
128.173|3
128.174|6
128.175|6
128.176|0
128.177|3
128.179|1
128.180|3
128.181|12
128.182|6
128.183|12
128.184|6
128.185|12
128.186|8
128.187|4
128.188|6
128.189|6
128.190|12
128.191|12
128.192|6
128.193|6
128.194|6
128.195|6
128.196|12
128.197|12
128.198|6
128.199|6
128.200|24
128.201|12
128.202|12
128.203|12
128.204|12
128.205|24
128.206|10
128.207|14
128.208|24
128.209|24
128.210|14
128.211|10
128.212|10
128.213|14
128.214|24
128.215|24
128.216|14
128.217|10
128.218|10
128.219|14
128.220|24
128.221|24
128.222|14
128.223|10
128.224|10
128.225|14
128.226|24
128.227|24
128.228|14
128.229|10
128.230|10
128.231|14
128.232|24
128.233|24
128.234|10
128.235|14
128.236|24
128.237|14
128.238|10
128.239|14
128.240|10
128.241|24
128.242|14
128.243|10
128.244|24
128.245|24
128.246|14
128.247|10
128.248|24
128.249|10
128.250|14
128.251|10
128.252|14
128.253|24
128.254|6
128.255|6
128.256|24
128.257|6
128.258|6
128.259|12
128.260|12
128.261|24
128.262|12
128.263|12
128.264|24
128.265|6
128.266|6
128.267|24
128.268|6
128.269|6
128.270|2
128.271|6
128.272|10
128.273|4
128.274|14
128.275|6
128.276|6
128.277|6
128.278|4
128.279|10
128.280|6
128.281|8
128.282|14
128.283|12
128.284|12
128.285|14
128.286|10
128.287|4
128.288|6
128.289|14
128.290|2
128.291|10
128.292|6
128.293|6
128.294|6
128.295|6
128.296|12
128.297|24
128.298|6
128.299|6
128.300|12
128.301|24
128.302|12
128.303|12
128.304|24
128.305|24
128.306|24
128.307|32
128.308|72
128.309|40
128.310|72
128.311|32
128.312|40
128.313|64
128.314|72
128.315|72
128.316|80
128.317|72
128.318|80
128.319|64
128.320|72
128.321|32
128.322|72
128.323|40
128.324|72
128.325|32
128.326|40
128.327|22
128.328|22
128.329|52
128.330|22
128.331|22
128.332|52
128.333|26
128.334|26
128.335|44
128.336|26
128.337|26
128.338|44
128.339|22
128.340|22
128.341|52
128.342|22
128.343|22
128.344|52
128.345|26
128.346|26
128.347|44
128.348|26
128.349|26
128.350|44
128.351|10
128.352|14
128.353|24
128.354|24
128.355|10
128.356|14
128.357|24
128.358|24
128.359|20
128.360|28
128.361|14
128.362|10
128.363|24
128.364|24
128.365|14
128.366|10
128.367|24
128.368|24
128.369|28
128.370|20
128.371|24
128.372|24
128.373|20
128.374|28
128.375|20
128.376|28
128.377|24
128.378|24
128.379|20
128.380|28
128.381|24
128.382|24
128.383|24
128.384|24
128.385|20
128.386|28
128.387|8
128.388|24
128.389|24
128.390|8
128.391|24
128.392|24
128.393|48
128.394|24
128.395|24
128.396|48
128.397|34
128.398|38
128.399|15
128.400|17
128.401|19
128.402|21
128.403|34
128.404|38
128.405|15
128.406|17
128.407|19
128.408|21
128.409|38
128.410|34
128.411|38
128.412|34
128.413|34
128.414|30
128.415|42
128.416|38
128.417|34
128.418|38
128.419|19
128.420|21
128.421|15
128.422|17
128.423|34
128.424|38
128.425|19
128.426|21
128.427|15
128.428|17
128.429|38
128.430|34
128.431|38
128.432|34
128.433|42
128.434|38
128.435|34
128.436|30
128.437|1
128.438|2
128.439|4
128.440|3
128.441|1
128.442|2
128.443|2
128.444|0
128.445|1
128.446|6
128.447|4
128.448|2
128.449|8
128.450|4
128.451|6
128.452|6
128.453|3
128.454|1
128.455|8
128.456|0
128.457|0
128.458|0
128.459|0
128.460|0
128.461|0
128.462|0
128.463|0
128.464|0
128.465|0
128.466|0
128.467|0
128.468|0
128.469|0
128.470|0
128.471|0
128.472|0
128.473|0
128.474|0
128.475|0
128.476|3
128.477|3
128.478|6
128.479|16
128.480|3
128.481|3
128.482|6
128.483|6
128.484|6
128.485|12
128.486|12
128.487|6
128.488|6
128.489|24
128.490|12
128.491|12
128.492|5
128.493|7
128.494|7
128.495|5
128.496|24
128.497|24
128.498|3
128.499|3
128.500|6
128.501|6
128.502|6
128.503|12
128.504|12
128.505|12
128.506|3
128.507|3
128.508|6
128.509|6
128.510|6
128.511|0
128.512|0
128.513|0
128.514|0
128.515|0
128.517|0
128.518|0
128.519|0
128.520|0
128.521|0
128.522|0
128.523|0
128.524|0
128.526|0
128.527|0
128.529|6
128.530|6
128.531|12
128.532|6
128.533|6
128.534|5
128.535|7
128.536|7
128.537|5
128.538|24
128.539|3
128.540|3
128.541|6
128.542|6
128.543|6
128.544|12
128.545|12
128.546|24
128.547|12
128.548|12
128.549|6
128.550|6
128.551|6
128.552|6
128.553|6
128.554|6
128.555|5
128.556|7
128.557|12
128.558|24
128.559|48
128.560|24
128.561|12
128.562|12
128.563|6
128.564|6
128.565|48
128.566|3
128.567|3
128.568|6
128.569|6
128.570|6
128.571|6
128.572|6
128.573|72
128.574|0
128.575|0
128.576|0
128.577|0
128.578|0
128.579|0
128.580|0
128.581|0
128.582|12
128.583|12
128.584|6
128.585|6
128.586|12
128.587|24
128.588|12
128.589|12
128.590|24
128.591|24
128.592|24
128.593|48
128.594|10
128.595|14
128.596|14
128.597|10
128.598|48
128.599|24
128.600|24
128.601|12
128.602|12
128.603|24
128.604|7
128.605|5
128.606|5
128.607|7
128.608|48
128.609|12
128.610|12
128.611|12
128.612|12
128.613|48
128.614|24
128.615|24
128.616|24
128.617|6
128.618|6
128.619|6
128.620|6
128.621|12
128.622|12
128.623|24
128.624|7
128.625|5
128.626|5
128.627|7
128.628|12
128.629|12
128.630|12
128.631|12
128.632|12
128.633|12
128.634|24
128.635|24
128.636|24
128.637|24
128.638|48
128.639|24
128.640|24
128.641|12
128.642|12
128.643|12
128.644|12
128.645|24
128.646|12
128.647|12
128.648|48
128.649|48
128.650|20
128.651|24
128.652|24
128.653|28
128.654|96
128.655|48
128.656|48
128.657|22
128.658|26
128.659|22
128.660|26
128.661|96
128.662|48
128.663|48
128.664|96
128.665|26
128.666|22
128.667|22
128.668|26
128.669|48
128.670|48
128.671|12
128.672|12
128.673|6
128.674|6
128.675|6
128.676|6
128.677|12
128.678|12
128.679|6
128.680|6
128.681|12
128.682|24
128.683|12
128.684|12
128.685|24
128.686|6
128.687|6
128.688|2
128.689|1
128.690|3
128.691|3
128.692|1
128.693|2
128.694|6
128.695|6
128.696|12
128.697|3
128.698|3
128.699|6
128.700|6
128.701|4
128.702|2
128.703|2
128.704|4
128.705|6
128.706|12
128.707|12
128.708|24
128.709|12
128.710|6
128.711|6
128.712|12
128.713|3
128.714|3
128.715|6
128.716|6
128.717|6
128.718|12
128.719|4
128.720|2
128.721|6
128.722|3
128.723|3
128.724|3
128.725|3
128.726|6
128.727|6
128.728|12
128.729|6
128.730|6
128.731|3
128.732|6
128.733|3
128.734|6
128.735|6
128.736|6
128.737|6
128.738|6
128.739|6
128.740|12
128.741|12
128.742|12
128.743|1
128.744|4
128.745|1
128.746|2
128.747|2
128.748|2
128.749|4
128.750|3
128.751|6
128.752|3
128.753|6
128.754|6
128.755|8
128.756|10
128.757|10
128.758|8
128.759|18
128.760|18
128.761|6
128.762|6
128.763|72
128.764|24
128.765|16
128.766|20
128.767|16
128.768|20
128.769|36
128.770|36
128.771|18
128.772|18
128.773|9
128.774|18
128.775|9
128.776|36
128.777|9
128.778|18
128.779|9
128.780|36
128.781|36
128.782|36
128.783|36
128.784|36
128.785|36
128.786|9
128.787|18
128.788|9
128.789|3
128.790|3
128.791|6
128.792|6
128.793|6
128.794|4
128.795|36
128.796|36
128.797|20
128.798|16
128.799|16
128.800|20
128.801|12
128.802|12
128.803|14
128.804|16
128.805|16
128.806|14
128.807|13
128.808|17
128.809|30
128.810|30
128.811|30
128.812|120
128.813|60
128.814|60
128.815|9
128.816|9
128.817|18
128.818|7
128.819|11
128.820|18
128.821|18
128.822|18
128.823|12
128.824|10
128.825|3
128.826|5
128.827|6
128.828|4
128.829|8
128.830|36
128.831|13
128.832|17
128.833|30
128.834|60
128.835|60
128.836|24
128.837|6
128.838|6
128.839|12
128.840|24
128.841|24
128.842|24
128.843|12
128.844|12
128.845|24
128.846|24
128.847|24
128.848|48
128.849|48
128.850|24
128.851|24
128.852|48
128.853|48
128.854|24
128.855|24
128.856|12
128.857|12
128.858|24
128.859|24
128.860|12
128.861|12
128.862|12
128.863|12
128.864|24
128.865|24
128.866|12
128.867|12
128.868|5
128.869|5
128.870|10
128.871|10
128.872|5
128.873|5
128.874|20
128.875|20
128.876|20
128.877|20
128.878|10
128.879|10
128.880|20
128.881|12
128.882|12
128.883|24
128.884|24
128.885|24
128.886|24
128.887|24
128.888|3
128.889|3
128.890|6
128.891|12
128.892|12
128.893|12
128.894|48
128.895|48
128.896|96
128.897|96
128.898|96
128.899|72
128.900|144
128.901|72
128.902|144
128.903|144
128.904|16
128.905|32
128.906|16
128.907|32
128.908|16
128.909|16
128.910|64
128.911|64
128.912|160
128.913|160
128.914|24
128.915|72
128.916|11
128.917|11
128.918|22
128.919|11
128.920|11
128.921|22
128.922|44
128.923|44
128.924|44
128.925|44
128.926|44
128.927|44
128.928|48
128.929|96
128.930|48
128.931|48
128.932|96
128.933|48
128.934|16
128.935|48
128.936|48
128.937|16
128.938|17
128.939|17
128.940|17
128.941|17
128.942|34
128.943|34
128.944|68
128.945|34
128.946|34
128.947|16
128.948|16
128.949|32
128.950|16
128.951|16
128.952|32
128.953|32
128.954|32
128.955|64
128.956|15
128.957|15
128.958|15
128.959|15
128.960|30
128.961|30
128.962|76
128.963|76
128.964|21
128.965|21
128.966|42
128.967|21
128.968|21
128.969|42
128.970|100
128.971|100
128.972|11
128.973|11
128.974|22
128.975|22
128.976|11
128.977|11
128.978|1
128.979|1
128.980|2
128.981|4
128.982|4
128.983|4
128.984|3
128.985|6
128.986|3
128.987|12
128.988|24
128.989|72
128.990|96
128.991|8
128.992|16
128.993|8
128.994|32
128.995|32
128.996|32
136.12|1
144.188|9
144.190|3
147.3|1
156.7|1
160.207|6
160.235|7
162.6|1
168.43|14
192.182|24
192.184|24
192.185|24
192.188|12
192.191|12
192.194|16
192.197|0
192.201|28
192.202|28
192.944|18
192.955|18
192.956|18
192.1000|21
192.1002|21
192.1008|42
192.1009|14
192.1021|0
192.1024|0
192.1472|18
192.1485|18
192.1491|0
192.1492|4
192.1493|0
192.1494|4
192.1495|4
192.1538|3
192.1540|0
216.90|3
220.7|3
240.191|2
240.192|3
240.193|1
253.1|1
256.1|768
256.2|0
256.3|0
256.4|0
256.8|0
256.10|0
256.13|0
256.15|0
256.17|0
256.19|0
256.27|0
256.28|0
256.38|0
256.39|4
256.40|12
256.42|48
256.44|48
256.46|48
256.48|48
256.56|80
256.57|80
256.58|80
256.59|80
256.60|80
256.61|80
256.62|80
256.64|40
256.68|40
256.72|40
256.76|40
256.80|16
256.81|16
256.82|32
256.83|32
256.84|8
256.87|96
256.88|48
256.89|48
256.90|32
256.91|16
256.93|32
256.94|32
256.95|16
256.96|16
256.97|64
256.98|32
256.99|32
256.100|32
256.101|32
256.102|64
256.103|32
256.104|16
256.107|96
256.108|48
256.109|48
256.112|96
256.114|48
256.115|48
256.117|64
256.122|64
256.124|0
256.125|0
256.126|0
256.127|0
256.128|0
256.129|0
256.130|0
256.131|0
256.133|0
256.134|0
256.136|0
256.137|0
256.138|0
256.139|0
256.140|0
256.141|0
256.142|0
256.143|0
256.144|0
256.145|0
256.146|0
256.147|0
256.148|0
256.149|0
256.150|0
256.151|0
256.152|0
256.154|0
256.155|0
256.156|0
256.157|0
256.158|0
256.159|0
256.160|0
256.161|0
256.162|0
256.163|0
256.164|0
256.165|0
256.166|0
256.167|0
256.168|0
256.169|0
256.170|0
256.172|0
256.173|0
256.180|0
256.181|0
256.184|0
256.197|0
256.198|0
256.199|0
256.200|0
256.201|0
256.213|0
256.225|0
256.229|0
256.230|0
256.231|0
256.232|0
256.233|0
256.234|0
256.238|0
256.242|0
256.243|0
256.244|0
256.245|0
256.246|0
256.247|0
256.251|0
256.252|0
256.253|0
256.256|0
256.257|0
256.258|0
256.259|0
256.260|0
256.261|0
256.262|0
256.263|0
256.264|0
256.265|0
256.266|0
256.267|0
256.268|0
256.269|0
256.271|0
256.276|0
256.277|0
256.278|0
256.279|0
256.280|0
256.281|0
256.282|0
256.284|0
256.285|0
256.286|0
256.287|0
256.288|0
256.289|0
256.290|0
256.292|0
256.295|0
256.298|0
256.299|0
256.301|0
256.302|0
256.304|0
256.306|0
256.316|24
256.317|24
256.318|48
256.319|48
256.320|48
256.321|192
256.326|48
256.327|48
256.328|24
256.330|24
256.332|96
256.333|96
256.334|96
256.335|96
256.337|48
256.340|24
256.342|24
256.344|48
256.345|48
256.349|48
256.367|160
256.369|160
256.371|40
256.372|40
256.373|40
256.374|40
256.375|80
256.376|80
256.377|160
256.378|80
256.379|80
256.382|80
256.383|80
256.384|80
256.385|80
256.386|40
256.388|40
256.390|40
256.391|40
256.392|40
256.394|80
256.395|80
256.396|80
256.397|80
256.400|80
256.402|80
256.403|80
256.404|80
256.405|80
256.406|40
256.408|40
256.410|40
256.412|40
256.414|112
256.416|112
256.418|112
256.420|112
256.422|56
256.423|56
256.428|112
256.432|16
256.434|32
256.445|192
256.446|96
256.447|96
256.448|24
256.449|24
256.450|48
256.451|48
256.454|0
256.455|0
256.456|0
256.459|0
256.460|0
256.461|0
256.462|0
256.463|0
256.464|0
256.465|0
256.466|0
256.467|0
256.468|0
256.469|0
256.470|0
256.473|0
256.474|0
256.477|0
256.478|0
256.480|0
256.481|0
256.482|0
256.484|0
256.485|0
256.486|0
256.488|0
256.489|0
256.490|0
256.491|0
256.492|0
256.494|0
256.496|0
256.497|96
256.500|192
256.502|384
256.503|96
256.504|96
256.505|96
256.507|96
256.508|96
256.509|96
256.511|192
256.513|192
256.515|48
256.516|48
256.517|24
256.518|24
256.519|24
256.521|48
256.523|48
256.524|48
256.525|20
256.527|40
256.528|40
256.529|20
256.531|192
256.532|192
256.533|12
256.535|24
256.537|576
256.538|576
256.539|16
256.540|32
256.541|16
256.542|0
256.546|2
256.547|6
256.548|10
256.557|2
256.558|6
256.562|10
256.574|10
256.575|6
256.576|4
256.614|4
256.619|6
256.621|14
256.625|4
256.628|2
256.639|2
256.722|3
256.733|13
256.826|0
256.827|0
256.828|0
256.829|0
256.834|0
256.835|0
256.836|0
256.837|0
256.840|0
256.841|0
256.844|0
256.847|0
256.849|0
256.853|0
256.855|0
256.859|0
256.860|0
256.861|0
256.862|0
256.863|0
256.865|0
256.868|0
256.869|0
256.873|0
256.877|0
256.878|0
256.879|0
256.880|0
256.881|0
256.884|0
256.885|0
256.889|0
256.893|0
256.896|0
256.919|0
256.923|0
256.938|0
256.976|0
256.987|0
256.990|0
256.999|0
256.1002|0
256.1005|0
256.1008|0
256.1011|0
256.1025|0
256.1027|0
256.1029|0
256.1033|0
256.1047|0
256.1063|0
256.1070|0
256.1079|0
256.1086|0
256.1089|0
256.1119|1
256.1125|12
256.1126|12
256.1127|12
256.1131|3
256.1134|6
256.1136|12
256.1150|12
256.1152|12
256.1156|5
256.1157|7
256.1158|7
256.1160|7
256.1162|5
256.1165|5
256.1169|7
256.1171|5
256.1172|12
256.1173|12
256.1175|12
256.1178|24
256.1179|24
256.1181|24
256.1182|24
256.1184|24
256.1185|24
256.1186|10
256.1188|14
256.1190|10
256.1192|14
256.1194|10
256.1196|14
256.1198|10
256.1216|2
256.1218|6
256.1222|6
256.1224|4
256.1239|20
256.1240|28
256.1245|28
256.1246|20
256.1247|3
256.1248|3
256.1249|6
256.1252|12
256.1254|6
256.1255|6
256.1256|6
256.1257|6
256.1258|24
256.1259|3
256.1260|3
256.1261|3
256.1262|3
256.1263|6
256.1264|6
256.1266|6
256.1267|12
256.1268|6
256.1269|6
256.1270|6
256.1271|6
256.1272|6
256.1273|6
256.1274|6
256.1275|6
256.1277|12
256.1279|12
256.1280|12
256.1281|12
256.1282|12
256.1283|12
256.1285|24
256.1298|0
256.1306|0
256.1308|0
256.1327|0
256.1334|0
256.1341|0
256.1343|0
256.1346|0
256.1424|0
256.1426|0
256.1428|0
256.1441|0
256.1457|0
256.1510|0
256.1518|0
256.1522|0
256.1529|0
256.1535|0
256.1545|6
256.1547|6
256.1551|10
256.1553|14
256.1555|10
256.1559|10
256.1565|10
256.1566|14
256.1573|2
256.1574|6
256.1575|4
256.1576|6
256.1577|4
256.1583|6
256.1584|6
256.1585|12
256.1586|6
256.1587|6
256.1588|12
256.1590|12
256.1592|24
256.1593|24
256.1594|24
256.1595|24
256.1602|6
256.1604|6
256.1608|6
256.1610|6
256.1630|5
256.1631|7
256.1632|5
256.1640|5
256.1646|10
256.1648|14
256.1654|24
256.1655|24
256.1656|24
256.1658|24
256.1664|10
256.1670|10
256.1672|10
256.1673|14
256.1676|14
256.1677|10
256.1681|24
256.1683|24
256.1684|24
256.1685|24
256.1694|10
256.1696|24
256.1697|10
256.1699|24
256.1711|2
256.1734|6
256.1735|6
256.1736|6
256.1772|6
256.1793|0
256.1794|0
256.1795|0
256.1796|0
256.1797|0
256.1798|0
256.1799|0
256.1800|0
256.1801|0
256.1806|0
256.1808|0
256.1810|0
256.1811|0
256.1812|0
256.1814|0
256.1817|12
256.1818|12
256.1819|24
256.1820|12
256.1821|12
256.1822|24
256.1823|24
256.1825|24
256.1827|48
256.1829|48
256.1831|20
256.1833|28
256.1870|10
256.1890|48
256.1891|48
256.1892|48
256.1893|48
256.1894|40
256.1896|56
256.1918|40
256.1919|40
256.1920|56
256.1921|56
256.1926|10
256.1927|10
256.1929|10
256.1932|10
256.1933|24
256.1934|24
256.1935|24
256.1937|24
256.1938|24
256.1939|24
256.1942|48
256.1944|48
256.1947|12
256.1951|12
256.1965|10
256.1977|48
256.1979|48
256.1981|56
256.1982|40
256.1983|40
256.1984|56
256.2041|48
256.2042|48
256.2043|48
256.2044|48
256.2059|14
256.2060|10
256.2061|10
256.2064|10
256.2065|10
256.2066|14
256.2083|48
256.2085|48
256.2195|56
256.2196|40
256.2197|40
256.2198|56
256.2199|48
256.2201|48
256.2203|14
256.2209|10
256.2211|10
256.2217|14
256.2219|24
256.2221|24
256.2225|24
256.2416|12
256.2451|12
256.2463|12
256.2480|24
256.2483|12
256.2485|12
256.2521|40
256.2522|48
256.2524|56
256.2525|40
256.2528|56
256.2529|44
256.2530|52
256.2531|44
256.2532|52
256.2533|44
256.2537|96
256.2538|96
256.2539|96
256.2540|96
256.2541|52
256.2542|44
256.2544|52
256.2546|44
256.2550|28
256.2551|20
256.2552|24
256.2553|20
256.2554|24
256.2565|44
256.2566|52
256.2567|44
256.2568|52
256.2569|44
256.2573|96
256.2574|96
256.2576|96
256.2577|104
256.2578|88
256.2579|88
256.2580|104
256.2582|12
256.2583|12
256.2584|12
256.2586|12
256.2587|12
256.2589|12
256.2590|12
256.2591|24
256.2592|12
256.2593|12
256.2595|24
256.2596|24
256.2598|24
256.2599|6
256.2600|6
256.2610|12
256.2612|24
256.2613|24
256.2614|24
256.2615|12
256.2616|12
256.2617|24
256.2620|24
256.2623|24
256.2625|4
256.2626|2
256.2627|6
256.2631|4
256.2632|2
256.2634|6
256.2636|4
256.2643|12
256.2644|8
256.2645|4
256.2646|4
256.2647|8
256.2648|12
256.2650|8
256.2651|4
256.2653|8
256.2656|12
256.2658|12
256.2661|6
256.2662|6
256.2663|12
256.2666|6
256.2706|16
256.2707|8
256.2710|24
256.2717|6
256.2720|6
256.2730|2
256.2731|4
256.2737|12
256.2738|12
256.2739|24
256.2812|0
256.2818|2
256.2819|0
256.2820|2
256.2825|1
256.2827|0
256.2830|1
256.2831|12
256.2832|4
256.2833|8
256.2835|4
256.2837|8
256.2840|8
256.2841|4
256.2842|12
256.2843|4
256.2844|2
256.2845|6
256.2848|8
256.2850|2
256.2853|4
256.2858|6
256.2862|6
256.2926|12
256.3000|4
256.3001|16
256.3002|4
256.3003|8
256.3006|12
256.3020|4
256.3021|16
256.3022|8
256.3024|4
256.3034|2
256.3242|6
256.3244|12
256.3246|6
256.3292|0
256.3293|2
256.3294|0
256.3295|1
256.3296|0
256.3297|1
256.3303|1
256.3324|2
256.3378|6
256.3380|18
256.3418|7
256.3419|18
256.3420|11
256.3425|7
256.3444|32
256.3445|40
256.3448|32
256.3449|40
256.3460|16
256.3461|20
256.3470|16
256.3472|16
256.3473|20
256.3506|18
256.3508|36
256.3510|18
256.3518|18
256.3647|40
256.3648|12
256.3650|24
256.3655|12
256.3659|2
256.3660|4
256.3661|0
256.3662|3
256.3663|2
256.3664|1
256.3678|28
256.3680|0
256.3681|0
256.3682|0
256.3683|0
256.3684|0
256.3687|0
256.3688|0
256.3689|0
256.3690|0
256.3691|0
256.3694|0
256.3697|0
256.3699|0
256.3700|0
256.3702|0
256.3707|0
256.3709|0
256.3710|0
256.3711|0
256.3718|0
256.3746|0
256.3748|0
256.3750|0
256.3752|0
256.3760|0
256.3762|0
256.3776|0
256.3779|0
256.3785|6
256.3790|6
256.3794|5
256.3795|7
256.3797|24
256.3801|12
256.3806|6
256.3808|3
256.3809|3
256.3814|24
256.3815|12
256.3820|0
256.3821|0
256.3822|0
256.3823|0
256.3827|0
256.3828|0
256.3829|0
256.3830|0
256.3832|0
256.3834|0
256.3835|0
256.3837|0
256.3838|0
256.3839|0
256.3840|0
256.3841|0
256.3847|0
256.3848|0
256.3849|0
256.3850|0
256.3851|0
256.3852|0
256.3853|0
256.3854|0
256.3855|0
256.3856|0
256.3857|0
256.3858|0
256.3859|0
256.3860|0
256.3861|0
256.3864|6
256.3866|3
256.3868|3
256.3872|2
256.3909|3
256.3910|3
256.3911|3
256.3913|1
256.3914|2
256.3915|2
256.3916|1
256.3917|6
256.3918|6
256.3919|3
256.3922|12
256.3931|6
256.3933|12
256.3934|12
256.3952|0
256.3953|0
256.3957|0
256.3958|0
256.3959|0
256.3963|0
256.3967|0
256.3979|0
256.3982|0
256.3983|0
256.3984|0
256.3985|0
256.3987|0
256.3989|0
256.3996|0
256.3997|0
256.4004|0
256.4006|0
256.4008|0
256.4010|0
256.4011|0
256.4012|0
256.4013|0
256.4026|0
256.4028|0
256.4029|0
256.4030|6
256.4037|1
256.4038|2
256.4039|2
256.4040|1
256.4051|6
256.4053|12
256.4056|12
256.4063|6
256.4064|3
256.4065|3
256.4066|6
256.4068|12
256.4069|12
256.4070|12
256.4071|12
256.4083|3
256.4084|3
256.4085|6
256.4088|6
256.4092|6
256.4093|6
256.4099|6
256.4109|4
256.4110|2
256.4111|2
256.4112|4
256.4113|12
256.4115|6
256.4123|6
256.4125|12
256.4135|6
256.4138|24
256.4151|12
256.4177|12
256.4179|24
256.4180|24
256.4182|24
256.4187|5
256.4188|7
256.4189|12
256.4190|6
256.4200|6
256.4207|6
256.4208|6
256.4209|12
256.4232|6
256.4237|12
256.4243|12
256.4277|24
256.4278|24
256.4279|24
256.4280|10
256.4281|14
256.4283|12
256.4285|12
256.4310|0
256.4311|0
256.4312|0
256.4313|0
256.4314|0
256.4317|0
256.4328|0
256.4329|0
256.4334|6
256.4345|3
256.4357|24
256.4361|1
256.4363|12
256.4364|12
256.4365|4
256.4367|2
256.4384|3
256.4385|3
256.4386|6
256.4387|12
256.4388|6
256.4389|12
256.4390|6
256.4391|12
256.4392|12
256.4393|12
256.4394|12
256.4395|24
256.4396|24
256.4397|48
256.4398|12
256.4399|12
256.4400|24
256.4403|24
256.4406|12
256.4475|12
256.4476|12
256.4478|12
256.4479|12
256.4487|6
256.4490|12
256.4491|6
256.4495|12
256.4509|48
256.4569|20
256.4570|20
256.4571|20
256.4572|20
256.4573|20
256.4574|20
256.4576|20
256.4577|10
256.4578|10
256.4579|20
256.4580|20
256.4581|10
256.4583|10
256.4584|10
256.4585|20
256.4586|20
256.4587|10
256.4588|10
256.4589|40
256.4590|40
256.4591|40
256.4592|40
256.4594|28
256.4596|28
256.4598|28
256.4601|48
256.4602|48
256.4603|48
256.4604|48
256.4609|48
256.4610|48
256.4611|48
256.4613|48
256.4614|48
256.4617|28
256.4618|28
256.4619|28
256.4633|10
256.4634|10
256.4636|20
256.4637|10
256.4640|10
256.4642|10
256.4643|10
256.4645|10
256.4648|20
256.4649|10
256.4651|10
256.4654|20
256.4655|10
256.4657|112
256.4659|10
256.4660|10
256.4661|20
256.4662|20
256.4663|10
256.4668|10
256.4669|10
256.4671|20
256.4672|20
256.4674|20
256.4675|20
256.4689|10
256.4690|10
256.4692|20
256.4695|10
256.4696|10
256.4730|10
256.4731|10
256.4734|20
256.4741|24
256.4742|24
256.4749|24
256.4784|14
256.4825|56
256.4903|24
256.4906|4
256.4907|4
256.4908|8
256.4909|8
256.4910|8
256.4911|8
256.4912|8
256.4913|8
256.4915|4
256.4916|4
256.4917|8
256.4918|8
256.4921|12
256.4922|12
256.4924|12
256.4927|12
256.4930|12
256.4935|10
256.4937|10
256.4940|10
256.4942|10
256.4965|20
256.4966|20
256.4969|10
256.4970|10
256.4971|10
256.4972|10
256.4980|32
256.4981|32
256.4983|12
256.4984|12
256.4985|24
256.4986|12
256.4987|12
256.4988|24
256.4989|24
256.4990|24
256.4991|12
256.4992|12
256.4993|24
256.4994|6
256.4995|6
256.4996|12
256.4997|24
256.4998|24
256.4999|24
256.5000|24
256.5001|24
256.5002|48
256.5003|48
256.5004|48
256.5005|48
256.5006|48
256.5007|24
256.5008|12
256.5009|12
256.5010|6
256.5011|6
256.5012|12
256.5016|24
256.5017|24
256.5018|24
256.5020|12
256.5021|12
256.5022|24
256.5023|24
256.5024|24
256.5025|64
256.5026|128
256.5027|64
256.5028|32
256.5029|64
256.5030|32
256.5031|64
256.5032|32
256.5033|32
256.5034|128
256.5035|128
256.5036|144
256.5037|144
256.5038|144
256.5039|144
256.5040|80
256.5041|160
256.5042|80
256.5043|144
256.5044|144
256.5045|144
256.5046|144
256.5048|128
256.5050|80
256.5051|160
256.5052|80
256.5053|160
256.5054|80
256.5055|80
256.5056|320
256.5057|64
256.5058|64
256.5059|64
256.5061|64
256.5062|64
256.5063|64
256.5065|160
256.5066|160
256.5068|160
256.5069|32
256.5070|64
256.5071|32
256.5072|64
256.5073|32
256.5074|32
256.5076|80
256.5077|80
256.5078|22
256.5084|22
256.5102|44
256.5111|22
256.5112|22
256.5115|22
256.5161|44
256.5174|52
256.5175|52
256.5183|52
256.5190|26
256.5286|52
256.5295|52
256.5298|20
256.5302|40
256.5306|20
256.5352|56
256.5354|56
256.5404|34
256.5405|34
256.5406|34
256.5407|34
256.5408|34
256.5409|34
256.5410|34
256.5411|34
256.5412|15
256.5414|15
256.5416|30
256.5433|19
256.5435|19
256.5437|38
256.5479|19
256.5480|19
256.5481|19
256.5482|19
256.5483|38
256.5484|38
256.5485|15
256.5486|15
256.5487|15
256.5488|15
256.5489|30
256.5490|30
256.5503|0
256.5507|0
256.5513|3
256.5514|3
256.5515|6
256.5516|3
256.5517|3
256.5518|6
256.5519|1
256.5520|1
256.5521|2
256.5522|1
256.5523|1
256.5524|2
256.5525|0
256.5526|0
256.5527|0
256.5528|0
256.5531|0
256.5532|0
256.5533|0
256.5534|0
256.5535|0
256.5536|0
256.5537|0
256.5538|0
256.5539|0
256.5540|0
256.5541|0
256.5542|0
256.5543|0
256.5544|0
256.5545|0
256.5546|0
256.5547|0
256.5548|0
256.5549|0
256.5550|0
256.5551|0
256.5552|0
256.5553|0
256.5554|0
256.5555|0
256.5556|0
256.5557|0
256.5558|0
256.5559|0
256.5578|6
256.5579|6
256.5581|12
256.5582|12
256.5583|24
256.5586|6
256.5587|6
256.5588|12
256.5591|24
256.5592|24
256.5593|12
256.5599|12
256.5600|24
256.5602|48
256.5603|48
256.5607|24
256.5613|12
256.5623|5
256.5624|5
256.5625|5
256.5626|5
256.5627|10
256.5628|10
256.5629|20
256.5630|20
256.5631|20
256.5632|10
256.5634|40
256.5635|28
256.5636|28
256.5637|56
256.5638|56
256.5639|56
256.5640|6
256.5641|6
256.5643|12
256.5644|12
256.5646|12
256.5651|24
256.5652|24
256.5653|24
256.5656|24
256.5657|24
256.5658|12
256.5659|12
256.5660|3
256.5661|3
256.5662|6
256.5663|6
256.5664|6
256.5665|48
256.5666|48
256.5675|0
256.5678|0
256.5681|0
256.5684|0
256.5685|0
256.5693|0
256.5695|0
256.5699|0
256.5706|0
256.5707|0
256.5710|0
256.5713|0
256.5715|0
256.5719|0
256.5723|0
256.5724|0
256.5741|0
256.5743|0
256.5747|0
256.5753|0
256.5755|0
256.5757|0
256.5761|0
256.5766|0
256.5771|12
256.5772|12
256.5775|48
256.5776|12
256.5777|12
256.5778|12
256.5779|12
256.5780|48
256.5781|24
256.5785|12
256.5799|5
256.5800|5
256.5801|5
256.5802|5
256.5803|20
256.5804|10
256.5806|10
256.5808|10
256.5809|10
256.5810|20
256.5811|10
256.5812|10
256.5813|20
256.5825|6
256.5842|24
256.5845|12
256.5854|5
256.5855|5
256.5856|10
256.5859|10
256.5867|12
256.5871|12
256.5879|6
256.5886|0
256.5887|0
256.5888|0
256.5889|0
256.5891|0
256.5892|0
256.5893|0
256.5894|0
256.5895|0
256.5896|0
256.5897|0
256.5898|0
256.5900|24
256.5901|24
256.5902|48
256.5905|96
256.5906|96
256.5908|6
256.5910|24
256.5915|48
256.5916|24
256.5917|12
256.5925|10
256.5927|40
256.5943|56
256.5944|28
256.5946|48
256.5952|24
256.5964|24
256.5965|24
256.5968|96
256.5971|24
256.5972|24
256.5978|20
256.5979|5
256.5983|40
256.5984|20
256.5989|10
256.5999|48
256.6000|12
256.6002|12
256.6009|48
256.6010|24
256.6012|48
256.6013|24
256.6015|48
256.6017|24
256.6025|24
256.6028|24
256.6029|48
256.6035|24
256.6037|24
256.6047|5
256.6049|5
256.6051|10
256.6052|10
256.6059|40
256.6060|20
256.6061|20
256.6070|24
256.6071|24
256.6074|24
256.6076|24
256.6094|192
256.6098|20
256.6100|20
256.6101|80
256.6102|96
256.6103|96
256.6106|112
256.6107|112
256.6108|96
256.6109|96
256.6110|192
256.6112|96
256.6113|96
256.6117|192
256.6118|22
256.6119|22
256.6120|22
256.6121|22
256.6122|88
256.6124|44
256.6125|88
256.6130|52
256.6131|104
256.6132|44
256.6134|88
256.6135|22
256.6137|22
256.6139|44
256.6140|44
256.6147|24
256.6148|24
256.6149|24
256.6150|24
256.6151|48
256.6152|48
256.6157|12
256.6158|12
256.6164|6
256.6165|6
256.6166|12
256.6167|24
256.6169|12
256.6170|24
256.6171|12
256.6173|24
256.6174|12
256.6176|24
256.6177|12
256.6178|12
256.6179|12
256.6180|12
256.6181|24
256.6183|24
256.6184|24
256.6185|48
256.6186|48
256.6188|48
256.6190|1
256.6191|1
256.6192|2
256.6193|2
256.6194|1
256.6195|1
256.6196|4
256.6197|4
256.6198|4
256.6200|2
256.6201|2
256.6206|12
256.6209|12
256.6211|12
256.6223|2
256.6224|2
256.6225|4
256.6226|4
256.6227|2
256.6228|2
256.6229|8
256.6230|8
256.6235|32
256.6237|32
256.6238|32
256.6239|12
256.6240|3
256.6241|3
256.6242|6
256.6243|12
256.6245|3
256.6247|24
256.6248|12
256.6249|6
256.6250|6
256.6253|24
256.6254|12
256.6260|16
256.6262|8
256.6263|2
256.6266|8
256.6267|4
256.6273|6
256.6292|3
256.6304|12
256.6313|1
256.6314|2
256.6315|1
256.6316|1
256.6319|2
256.6320|4
256.6321|2
256.6328|8
256.6329|4
256.6330|4
256.6331|12
256.6334|24
256.6336|24
256.6351|8
256.6365|36
256.6368|16
256.6369|16
256.6377|32
256.6378|32
256.6379|64
256.6394|80
256.6395|9
256.6401|9
256.6407|36
256.6410|72
256.6432|36
256.6433|36
256.6436|9
256.6440|3
256.6464|16
256.6466|32
256.6468|14
256.6472|28
256.6481|13
256.6494|9
256.6496|18
256.6503|7
256.6514|3
256.6515|3
256.6516|6
256.6518|3
256.6519|3
256.6520|24
256.6525|13
256.6534|12
256.6535|12
256.6536|24
256.6538|48
256.6541|24
256.6549|48
256.6550|48
256.6552|48
256.6556|48
256.6557|48
256.6562|48
256.6567|24
256.6572|24
256.6573|12
256.6579|12
256.6583|24
256.6601|5
256.6602|5
256.6603|10
256.6604|10
256.6605|5
256.6606|5
256.6607|20
256.6608|20
256.6609|20
256.6610|20
256.6611|10
256.6612|10
256.6613|20
256.6615|24
256.6619|3
256.6620|3
256.6622|12
256.6623|12
256.6624|12
256.6625|24
256.6626|24
256.6627|96
256.6628|96
256.6630|192
256.6632|144
256.6635|288
256.6637|16
256.6638|32
256.6640|32
256.6642|16
256.6643|64
256.6644|64
256.6645|128
256.6646|128
256.6649|11
256.6652|11
256.6655|44
256.6656|44
256.6661|96
256.6662|96
256.6663|96
256.6665|192
256.6669|96
256.6671|96
256.6673|17
256.6675|17
256.6677|34
256.6679|68
256.6680|34
256.6681|34
256.6691|15
256.6693|15
256.6695|30
256.6697|60
256.6698|60
256.6699|21
256.6700|21
256.6702|21
256.6703|21
256.6705|84
256.6706|84
256.6723|48
256.6725|192
256.6726|8
256.6729|32
288.1024|3
288.1025|5
320.1584|12
320.1635|15
320.1637|7
336.210|98
342.7|1
384.570|32
384.609|0
384.611|0
384.615|0
384.617|112
384.618|112
384.5557|24
384.5558|12
384.5566|24
384.5567|12
384.5601|36
384.5602|36
384.5603|36
384.5604|36
384.5606|36
384.5607|36
384.5608|36
384.5657|24
384.5660|24
384.5677|48
384.5678|48
384.5775|48
384.5790|36
384.5797|18
384.5833|42
384.5835|84
384.5836|84
384.5837|42
384.17948|18
384.17949|18
384.18135|3
384.20090|6
384.20091|8
384.20092|20
384.20095|8
384.20096|20
384.20097|4
384.20098|10
384.20100|4
384.20163|1
432.533|9
448.1394|1
512.33|64
512.34|64
512.45|64
512.53|16
512.58|64
512.59|64
512.105|0
512.108|0
512.127|0
512.129|0
512.136|0
512.138|0
512.295|0
512.309|0
512.335|0
512.342|0
512.351|0
512.378|0
512.401|80
512.409|80
512.417|80
512.425|80
512.449|0
512.450|0
512.453|0
512.454|0
512.455|0
512.457|0
512.459|0
512.460|0
512.461|0
512.462|0
512.463|0
512.465|0
512.466|0
512.467|0
512.471|0
512.567|0
512.571|0
512.572|0
512.573|0
512.576|0
512.577|0
512.578|0
512.582|0
512.584|0
512.587|0
512.590|0
512.591|0
512.603|0
512.627|0
512.638|0
512.639|0
512.640|0
512.641|0
512.644|0
512.645|0
512.647|0
512.648|0
512.650|0
512.652|0
512.655|0
512.656|0
512.851|0
512.852|0
512.853|0
512.854|0
512.857|0
512.858|0
512.859|12
512.941|160
512.943|80
512.953|160
512.966|80
512.972|40
512.978|80
512.1075|96
512.1076|48
512.1117|64
512.1133|96
512.1193|0
512.1197|0
512.1198|0
512.1204|0
512.1226|0
512.1227|0
512.1243|0
512.1244|0
512.1249|0
512.1250|0
512.1252|0
512.1253|0
512.1254|0
512.1255|0
512.1364|0
512.1365|0
512.1372|0
512.1381|0
512.1619|0
512.1637|0
512.1643|0
512.1645|0
512.1649|0
512.1699|48
512.1710|48
512.1712|48
512.1714|48
512.1720|96
512.1726|192
512.1738|192
512.1739|192
512.1744|192
512.1751|48
512.1752|48
512.1753|48
512.1799|320
512.1803|40
512.1814|80
512.1818|80
512.1822|80
512.1824|80
512.1826|80
512.1830|80
512.1832|80
512.1834|40
512.1836|40
512.1838|40
512.1854|80
512.1858|80
512.1862|80
512.1864|80
512.1866|80
512.1894|224
512.1896|112
512.1897|112
512.1899|112
512.1943|192
512.1945|24
512.2009|192
512.2012|384
512.2015|192
512.2017|192
512.2019|24
512.2028|20
512.2034|384
512.2036|12
512.2040|1152
512.2047|0
512.2053|0
512.2073|0
512.3811|0
512.3854|1
512.3855|3
512.3896|5
512.4082|3
512.4085|3
512.4088|6
512.4090|6
512.4102|12
512.4656|0
512.4708|0
512.4746|0
512.6052|10
512.6094|10
512.6491|0
512.6496|0
512.7047|28
512.7053|20
512.7069|20
512.7071|20
512.7077|28
512.9092|56
512.9093|40
512.9094|48
512.9095|40
512.9096|48
512.9109|40
512.9134|24
512.9313|2
512.9332|4
512.10053|0
512.10054|8
512.10064|4
512.12195|7
512.12548|0
512.12693|0
512.12760|0
512.13324|0
512.15774|12
512.15987|0
512.16044|0
512.16064|0
512.16145|0
512.16290|0
512.16552|0
512.17469|1
512.18414|0
512.18691|0
512.18699|0
512.22614|0
512.22886|0
512.23167|12
512.23621|6
512.23622|6
512.23626|12
512.23735|2
512.25093|12
512.25253|8
512.25892|10
512.27202|12
512.27938|48
512.28521|0
512.28613|0
512.28821|8
512.29165|16
512.29634|20
512.29636|40
512.29637|40
512.29638|20
512.29640|20
512.29642|40
512.29643|40
512.29644|20
512.29646|20
512.29648|40
512.29649|40
512.29650|20
512.29652|20
512.29654|40
512.29655|40
512.29656|20
512.29658|20
512.29664|20
512.29670|20
512.29684|40
512.29700|20
512.30057|16
512.30128|12
512.30130|24
512.30137|64
512.30138|128
512.30140|128
512.30142|64
512.30143|64
512.30144|128
512.30146|128
512.30148|64
512.30149|128
512.30150|128
512.30151|128
512.30153|128
512.30154|128
512.30156|128
512.30159|160
512.30626|0
512.31251|16
512.31252|4
512.31255|16
512.31260|8
512.31261|8
512.31263|4
512.31264|4
512.31269|16
512.31270|16
512.31406|4
512.31407|4
512.31409|16
512.31410|8
512.31411|4
512.31419|16
512.31490|40
512.31616|40
512.32030|16
512.32070|48
512.32087|56
512.32113|32
512.32848|12
512.33038|52
512.33714|0
512.33718|0
512.33719|0
512.33726|0
512.33727|0
512.33740|0
512.33742|0
512.33745|0
512.33820|0
512.33838|0
512.33846|0
512.33848|0
512.33853|0
512.33854|0
512.33859|0
512.33861|0
512.33953|0
512.33969|0
512.33970|0
512.33972|0
512.33977|0
512.33980|0
512.33984|0
512.33987|0
512.33988|0
512.34053|0
512.34754|0
512.34893|0
512.34903|0
512.34906|0
512.34915|0
512.35258|0
512.35265|0
512.35275|0
512.35400|3
512.35402|3
512.35403|3
512.35404|6
512.35422|24
512.35425|24
512.35427|48
512.35714|10
512.35721|20
512.35722|20
512.35723|20
512.35724|20
512.35727|5
512.35729|10
512.35730|10
512.35731|10
512.35745|14
512.35750|112
512.35751|28
512.35781|5
512.35809|5
512.35860|10
512.35862|10
512.35867|20
512.35869|40
512.35884|28
512.35887|56
512.35888|28
512.35890|112
512.35900|10
512.35902|10
512.35907|20
512.35918|56
512.35940|10
512.35942|10
512.36090|8
512.36100|16
512.36231|3
512.36232|3
512.36235|6
512.36238|12
512.36239|12
512.36240|12
512.36281|6
512.36282|6
512.36284|12
512.36285|12
512.36286|12
512.36287|12
512.36288|6
512.36289|6
512.36292|6
512.36295|6
512.36297|12
512.36327|12
512.36341|6
512.36342|6
512.36360|48
512.36361|24
512.36367|48
512.36382|12
512.36383|12
512.36699|0
512.37179|0
512.37258|0
512.37264|0
512.37282|0
512.39163|0
512.39175|0
512.40455|0
512.40486|0
512.40504|0
512.40552|0
512.40586|0
512.41018|0
512.41031|0
512.41035|0
512.41229|0
512.41241|0
512.41252|0
512.41546|20
512.41550|20
512.41558|10
512.41563|20
512.41566|40
512.41568|40
512.41569|40
512.41608|20
512.41609|20
512.41742|20
512.41767|4
512.41778|8
512.41793|32
512.41821|8
512.41875|12
512.41919|48
512.42135|20
512.42323|20
512.42709|48
512.42712|192
512.42725|96
512.42740|24
512.42908|0
512.42910|0
512.42911|0
512.42912|0
512.42913|0
512.42914|0
512.42915|0
512.42917|0
512.42919|0
512.42938|0
512.42939|0
512.42951|0
512.42954|0
512.43013|48
512.43015|96
512.43022|24
512.43027|96
512.43032|96
512.43034|96
512.43042|24
512.43060|96
512.43061|96
512.43086|80
512.43104|56
512.43529|40
512.43803|40
512.43889|48
512.43891|48
512.43903|24
512.43937|24
512.44073|40
512.44795|20
512.44796|20
512.44803|10
512.44805|10
512.44813|40
512.44814|40
512.44819|20
512.44820|20
512.44821|20
512.44824|80
512.44859|112
512.44860|112
512.46623|48
512.46700|24
512.46818|24
512.46890|96
512.46896|24
512.46912|12
512.46914|12
512.46927|48
512.46935|96
512.46938|96
512.46939|96
512.46944|48
512.46946|48
512.46955|48
512.47005|24
512.47271|192
512.47279|112
512.47296|112
512.47308|176
512.47317|104
512.47365|88
512.47366|88
512.47370|44
512.47372|44
512.47374|176
512.47375|88
512.47376|88
512.47393|88
512.47552|48
512.47569|24
512.47570|24
512.47571|24
512.47573|12
512.47574|12
512.47575|24
512.47577|24
512.47578|48
512.47579|48
512.47582|24
512.47584|24
512.47586|24
512.47599|24
512.47709|4
512.47710|4
512.47711|4
512.47715|2
512.47717|4
512.47718|4
512.47719|2
512.47721|2
512.47722|2
512.47727|8
512.47728|8
512.47729|8
512.47730|8
512.47761|8
512.47776|16
512.47777|16
512.47912|8
512.47913|8
512.47918|4
512.47920|8
512.47921|8
512.47922|4
512.47927|16
512.47928|16
512.47946|16
512.47947|16
512.47949|64
512.47977|16
512.47980|32
512.47982|16
512.47983|64
512.48029|12
512.48033|24
512.48035|24
512.48037|48
512.48042|6
512.48045|12
512.48051|48
512.48947|2
512.49055|4
512.49087|12
512.49090|12
512.49732|24
512.50338|4
512.50339|8
512.50341|4
512.50344|4
512.50346|4
512.50347|4
512.50358|48
512.50372|4
512.50378|4
512.50392|4
512.51319|0
512.51325|0
512.51560|24
512.51562|6
512.51574|12
512.51576|12
512.51578|12
512.51582|12
512.51827|36
512.51829|36
512.51835|144
512.51844|36
512.51848|72
512.52325|28
512.52336|36
512.52352|22
512.52355|44
512.52577|40
512.52578|80
512.53386|12
512.53387|12
512.53406|12
512.53487|336
512.53524|0
512.53534|0
512.54071|5
512.54152|0
512.54167|0
512.54170|0
512.54225|0
512.54243|0
512.54245|0
512.54248|0
512.54300|0
512.54630|16
512.54751|0
512.54856|0
512.55131|0
512.55135|0
512.55149|0
512.55151|12
512.55163|24
512.55164|24
512.55182|24
512.55183|24
512.55628|8
512.56374|0
512.56378|0
512.56384|0
512.56386|0
512.56582|32
512.56608|16
512.56691|12
512.56698|12
512.56699|96
512.56700|96
512.56711|96
512.56712|96
512.56937|24
512.56938|24
512.56939|24
512.56944|24
512.56946|24
512.56957|48
512.56961|24
512.56990|48
512.57266|80
512.57267|80
512.57268|40
512.57269|40
512.57270|80
512.57325|40
512.57342|80
512.57589|96
512.57609|96
512.57645|96
512.57756|56
512.57757|56
512.57760|14
512.57775|28
512.58219|96
512.58220|96
512.58255|96
512.58264|24
512.58266|128
512.58271|32
512.58279|128
512.58281|64
512.58301|640
512.58302|640
512.58303|64
512.58304|64
512.58308|64
512.58311|128
512.58312|128
512.58315|640
512.58316|640
512.58326|88
512.58330|44
512.58338|88
512.58362|88
512.58392|88
512.58396|44
512.58412|88
512.58527|104
512.58538|208
512.58560|208
512.58562|104
512.58563|104
512.58567|104
512.58945|0
512.59077|48
512.59153|5
512.59160|20
512.59161|20
512.59162|10
512.59164|40
512.59165|20
512.59166|20
512.59167|40
512.59168|40
512.59169|40
512.59193|24
512.59194|24
512.59195|48
512.59196|48
512.59213|0
512.59214|0
512.59217|0
512.59223|0
512.59245|0
512.59299|0
512.59312|0
512.59387|0
512.59523|192
512.59553|96
512.59734|24
512.59745|24
512.59752|192
512.59753|192
512.59763|96
512.59766|96
512.59798|48
512.59800|48
512.59802|48
512.59822|48
512.59875|48
512.59885|96
512.59886|96
512.59898|96
512.59903|96
512.59941|48
512.59944|48
512.60001|80
512.60020|44
512.60025|88
512.60301|2
512.60302|4
512.60303|2
512.60305|4
512.60315|48
512.60321|48
512.60329|48
512.60343|48
512.60345|48
512.60371|24
512.60375|24
512.60385|48
512.60409|16
512.60424|144
512.60425|144
512.60431|144
512.60439|64
512.60554|28
512.60600|12
512.60601|12
512.60602|12
512.60603|12
512.60656|96
512.60657|48
512.60663|48
512.60668|96
512.60692|96
512.60733|48
512.60741|48
512.60780|288
512.60785|16
512.60809|96
512.60813|192
512.60821|192
512.60827|192
512.60829|192
512.60831|192
512.60833|192
512.60839|192
512.60895|96
512.60898|8
576.8278|20
576.8655|9
576.8656|15
576.8661|1
640.21469|18
640.21536|45
768.1083496|0
768.1083512|12
768.1083945|0
768.1083967|0
768.1083969|0
768.1084555|0
768.1084559|0
768.1084727|84
768.1085111|0
768.1085341|32
768.1085345|32
768.1085346|128
768.1085348|128
768.1085782|24
768.1085830|48
768.1086052|144
768.1086054|144
768.1087581|72
768.1088009|36
768.1088539|18
768.1088543|72
768.1088551|72
768.1088552|72
768.1088555|36
768.1088556|36
768.1088563|72
768.1088565|36
768.1088648|12
768.1088651|24
768.1088660|0
768.1088662|0
768.1090070|9
768.1090134|18
768.1090209|18
768.1090220|6
896.564|192
896.5502|14
896.19309|24
896.19347|7
960.11359|30
960.11367|2
1024.l|8
1024.n|0
1024.o|0
1024.bb|0
1024.bw|32
1024.dc|0
1024.gd|0
1024.gf|192
1024.gi|96
1024.gj|0
1024.gt|224
1024.gy|0
1024.gz|0
1024.hc|48
1024.he|20
1024.hg|0
1024.hi|0
1024.hk|0
1024.hl|0
1024.hn|0
1024.ho|0
1024.jd|0
1024.jm|0
1024.mh|12
1024.mi|24
1024.mk|0
1024.mx|40
1024.nb|24
1024.nk|0
1024.nl|0
1024.op|0
1024.oy|0
1024.py|0
1024.rs|0
1024.su|28
1024.tl|6
1024.tr|0
1024.us|4
1024.vg|0
1024.wf|0
1024.wh|0
1024.wi|10
1024.xh|0
1024.xk|0
1024.zb|0
1024.bei|0
1024.bfg|0
1024.bfj|6
1024.bfk|10
1024.blf|0
1024.bll|0
1024.boz|0
1024.bpq|0
1024.bxw|0
1024.car|0
1024.cat|0
1024.cau|0
1024.cax|0
1024.cbb|0
1024.cbm|0
1024.cbt|0
1024.cbu|0
1024.cbv|0
1024.cbz|0
1024.ceo|0
1024.cfi|4
1024.cjb|0
1024.cla|0
1024.cld|0
1024.cmj|0
1024.cmp|48
1024.cpv|80
1024.cpy|40
1024.cqc|48
1024.cqh|0
1024.cqj|0
1024.cwv|0
1024.cze|0
1024.czj|0
1024.czs|0
1024.dbm|0
1024.dbs|0
1024.dbx|0
1024.dcg|4
1024.dcm|24
1024.dcp|384
1024.dcu|96
1024.ddg|0
1024.ddl|0
1024.ddq|0
1024.ddt|0
1024.ddv|96
1024.ddw|0
1024.ddz|112
1024.dea|0
1024.def|0
1024.deg|0
1024.deh|192
1024.dep|96
1024.deq|0
1024.der|48
1024.des|0
1024.det|96
1024.dew|0
1024.dex|0
1024.dfa|0
1024.dfb|96
1024.dfc|0
1024.dfd|96
1024.dfg|0
1024.dfh|56
1024.dfi|48
1024.dfj|0
1024.dfl|0
1024.dfm|112
1024.dfn|0
1024.dfo|0
1024.dfp|0
1024.dfr|0
1024.dfs|0
1024.dft|0
1024.dfw|0
1024.dga|0
1024.dgb|56
1024.dgc|0
1024.dgg|0
1024.dgi|48
1024.dgk|24
1024.dgl|0
1024.dgo|0
1024.dgq|0
1024.dgr|0
1024.dgs|48
1024.dgt|0
1024.dgu|0
1024.dgv|0
1024.dgy|48
1024.dgz|0
1024.dhb|0
1024.dhc|0
1024.dhe|224
1024.dhf|160
1024.dhg|224
1024.dhh|160
1024.dhi|104
1024.dhj|88
1024.dhk|104
1024.dhl|224
1024.dhm|160
1024.dhn|208
1024.dho|104
1024.dhp|208
1024.dhq|176
1024.dhr|448
1024.dhs|88
1024.dht|224
1024.dhu|88
1024.dhv|160
1024.dhw|320
1024.dhx|176
1024.din|160
1024.dkw|0
1024.dng|320
1024._C|16
1024._D|0
1024._E|0
1024._F|4
1024._G|8
1024._H|8
1024._I|4
1024._J|0
1024._K|0
1024._L|0
1024._M|0
1024._P|0
1024._R|28
1024._S|0
1024._T|2
1024._U|2
1024._V|2
1024._W|2
1024._X|0
1024._BF|0
1024._BG|0
1024._BH|0
1024._BI|4
1024._BJ|0
1024._BK|4
1024._BL|0
1024._BO|0
1024._BP|0
1024._BR|0
1024._BS|10
1024._BT|4
1024._BW|32
1024._BX|0
1024._BZ|0
1024._CA|12
1024._CB|0
1024._CC|2
1024._CE|4
1024._CL|0
1024._CM|4
1024._CN|0
1024._CO|0
1024._CP|0
1024._CQ|0
1024._CR|0
1024._CW|0
1024._CX|0
1024._CY|0
1024._CZ|0
1024._DA|0
1024._DC|16
1024._DD|12
1024._DE|4
1024._DH|0
1024._DI|8
1024._DJ|2
1024._DL|12
1024._DM|24
1024._DN|4
1024._DO|0
1024._DR|0
1024._DS|0
1024._DT|0
1024._DU|0
1024._DW|0
1024._DY|0
1024._DZ|16
1024._EA|0
1024._EB|0
1024._EC|0
1024._ED|0
1024._EF|0
1024._EG|0
1024._EH|0
1024._EI|40
1024._EJ|0
1024._EK|0
1024._EM|24
1024._EN|0
1024._EO|40
1024._EP|20
1024._EQ|20
1024._ER|4
1024._ES|10
1024._ET|0
1024._EW|0
1024._EX|48
1024._EY|0
1024._EZ|192
1024._FA|48
1024._FE|0
1024._FG|24
1024._FH|48
1024._FI|96
1024._FJ|12
1024._FK|48
1024._FL|48
1024._FM|48
1024._FN|24
1024._FO|48
1024._FP|48
1024._FQ|0
1024._FR|48
1024._FU|0
1024._FV|48
1024._FW|96
1024._FX|96
1024._FY|48
1024._FZ|96
1024._GA|96
1024._GB|0
1024._GC|0
1024._GE|96
1024._GG|24
1024._GH|0
1024._GI|384
1024._GJ|96
1024._GK|48
1024._GL|12
1024._GM|192
1024._GN|48
1024._GO|48
1024._GP|0
1024._GQ|48
1024._GR|0
1024._GS|0
1024._GT|0
1024._GU|96
1024._GV|96
1024._GW|96
1024._GX|0
1024._GY|48
1024._GZ|12
1024._HA|24
1024._HB|12
1024._HC|6
1024._HD|48
1024._HE|4
1024._HF|208
1024._HG|208
1024._HH|88
1024._HI|88
1024._HJ|48
1024._HK|12
1024._HL|72
1024._HM|48
1024._HN|160
1024._HO|208
1024._HP|48
1024._HQ|6
1024._HR|160
1024._HS|36
1024._HT|6
1024._HU|48
1024._HV|24
1024._HW|88
1024._IA|0
1024._IC|48
1024._ID|224
1024._IE|96
1024._IF|128
1024._IG|48
1024._IK|192
1024._IL|448
1024._IM|224
1024._IN|48
1024._IT|40
1024._IU|0
1024._IY|0
1024._JA|24
1024._JB|16
1024._JC|16
1024._JD|32
1024._JE|40
1024._JF|32
1024._JH|0
1024._JJ|0
1024._JK|16
1024._JO|0
1024._JR|16
1024._JS|40
1024._JV|64
1024._JW|0
1024._JX|0
1024._KA|0
1024._KC|0
1024._KI|0
1024._KL|0
1024._KM|56
1024._KN|112
1024._KO|16
1024._KP|8
1024._KQ|0
1024._KT|16
1024._KU|8
1024._KX|8
1024._KY|8
1024._KZ|36
1024._LA|0
1024._LB|128
1024._LC|128
1024._LG|4
1024._LH|0
1024._LI|1
1024._LK|224
1024._LM|0
1024._LN|0
1024._LP|0
1024._LQ|0
1024._LR|0
1024._LT|0
1024._LX|0
1024._LY|0
1024._MD|48
1024._MG|16
1024._MH|8
1024._MI|8
1024._MJ|16
1024._ML|20
1024._MM|20
1024._MN|8
1024._MO|8
1024._MP|0
1024._MQ|128
1024._MR|128
1024._MS|22
1024._MT|112
1024._MV|48
1024._MW|0
1024._MX|0
1024._MY|56
1024._MZ|20
1024._NA|40
1024._NB|40
1024._NC|112
1024._ND|112
1024._NE|80
1024._NF|80
1024._NG|80
1024._NH|80
1024._NI|16
1024._NJ|0
1024._NK|80
1024._NL|112
1024._NM|64
1024._NN|12
1024._NP|44
1024._NQ|44
1024._NR|28
1024._NS|0
1024._NT|44
1024._NU|44
1024._NV|80
1024._NW|32
1024._NX|160
1024._NY|224
1024._OA|24
1024._OC|112
1024._OG|80
1024._OH|24
1024._OI|0
1024._OJ|1
1024._OK|0
1024._OS|0
1024._OV|0
1024._OW|0
1024._OY|28
1024._OZ|32
1024._PA|0
1024._PB|0
1024._PC|8
1024._PD|32
1024._PE|128
1024._PI|0
1024._PM|0
1024._PN|0
1024._PO|24
1024._PQ|0
1024._PS|0
1024._PU|32
1024._PV|0
1024._PW|0
1024._PX|0
1024._PZ|0
1024._QA|0
1024._QB|16
1024._QC|0
1024._QD|0
1024._QE|128
1024._QF|0
1024._QG|0
1024._QI|0
1024._QJ|24
1024._QK|0
1024._QL|0
1024._QN|32
1024._QO|32
1024._QP|0
1024._QR|0
1024._QX|16
1024._QY|128
1024._RA|28
1024._RD|8
1024._RE|12
1024._RF|0
1024._RG|64
1024._RH|14
1024._RI|0
1024._RK|0
1024._RL|32
1024._RM|0
1024._RN|0
1024._RP|0
1024._RQ|4
1024._RR|16
1024._RS|32
1024._RT|0
1024._RU|0
1024._RW|0
1024._RX|128
1024._RY|128
1024._RZ|0
1024._SA|32
1024._SB|0
1024._SC|128
1024._SF|8
1024._SI|16
1152.155468|48
1152.157517|20
1152.157858|15
1152.157859|5
1152.157865|7
1280.1116309|1
1280.1116310|3
1280.1116356|0
1280.1116370|30
1280.1116373|30
1280.1116374|30
1280.1116439|15
1344.11691|49
1536.408526792|112
1536.408527554|144
1536.408533870|0
1536.408533872|0
1536.408535096|0
1536.408535347|0
1536.408539728|0
1536.408544728|128
1536.408544811|48
1536.408544812|24
1536.408545370|48
1536.408546147|128
1536.408546154|64
1536.408569065|16
1536.408616212|0
1536.408632953|0
1536.408632954|48
1536.408632960|24
1536.408632962|12
1536.408633426|24
1536.408633427|48
1536.408640179|6
1536.408640868|0
1536.408640869|0
1536.408640870|0
1536.408640901|0
2048.e|16
2048.bc|64
2048.cl|0
2048.cp|0
2048.dk|112
2048.dp|0
2048.dq|0
2048.ds|0
2048.du|0
2048.ec|0
2048.eg|0
2048.eh|8
2048.ej|16
2048.en|16
2048.eo|8
2048.ep|0
2048.ij|0
2048.io|0
2048.jm|0
2048.jp|0
2048.kn|0
2048.ko|8
2048.kq|0
2048.me|0
2048.mf|4
2048.mg|4
2048.mh|4
2048.mi|4
2048.mj|0
2048.ns|0
2048.oh|0
2048.oo|0
2048.op|0
2048.pe|0
2048.pt|8
2048.ql|0
2048.qm|16
2048.qo|0
2048.qw|4
2048.qz|0
2048.ro|0
2048.rp|0
2048.rs|0
2048.ru|2
2048.sa|0
2048.sd|0
2048.sh|2
2048.sn|16
2048.so|0
2048.te|24
2048.ue|1
2048.um|4
2048.wv|0
2048.wy|8
2048.xd|0
2048.xf|0
2048.xg|0
2048.xi|0
2048.zi|0
2048.bae|0
2048.bbb|0
2048.bbc|0
2048.bbg|0
2048.bbi|0
2048.bct|0
2048.bcu|0
2048.bdg|0
2048.bfd|0
2048.bfq|0
2048.bhh|32
2048.bhm|24
2048.bhv|2
2048.bjf|0
2048.bjg|32
2048.bjh|4
2048.bjk|48
2048.bjl|48
2048.bjm|4
2048.bjo|0
2048.bkn|0
2048.bkw|0
2048.bll|0
2048.blo|0
2048.bmk|0
2048.bmm|0
2048.bos|32
2048.bow|0
2048.boz|0
2048.bwn|0
2048.cci|0
2048.cej|0
2048.cex|0
2048.cez|80
2048.cfa|0
2048.cfb|0
2048.cgm|48
2048.cja|0
2048.cjb|80
2048.cjc|96
2048.cjd|40
2048.cje|0
2048.cjk|40
2048.cjm|16
2048.cjn|20
2048.cjo|0
2048.ckx|12
2048.clc|192
2048.cld|48
2048.clw|0
2048.clx|96
2048.cly|0
2048.clz|384
2048.cma|192
2048.cme|0
2048.cmf|96
2048.cmh|96
2048.cmi|96
2048.cmj|384
2048.cmk|48
2048.cml|192
2048.cmm|96
2048.cmn|96
2048.cmo|48
2048.cmp|384
2048.cmq|96
2048.cmr|0
2048.cms|96
2048.cmv|0
2048.cmw|192
2048.cmx|96
2048.cmy|192
2048.cmz|192
2048.cna|384
2048.cnb|192
2048.cnc|0
2048.cnd|0
2048.cnf|384
2048.cnh|48
2048.cni|0
2048.cnj|384
2048.cnk|192
2048.cnl|96
2048.cnm|24
2048.cnn|192
2048.cno|96
2048.cnp|96
2048.cnq|0
2048.cnr|96
2048.cns|48
2048.cnt|0
2048.cnu|0
2048.cnv|0
2048.cnw|192
2048.cnx|384
2048.cny|384
2048.cnz|0
2048.coa|96
2048.cob|24
2048.coc|96
2048.cod|48
2048.coe|24
2048.cof|160
2048.cog|160
2048.coh|192
2048.coi|24
2048.coj|832
2048.cok|176
2048.col|832
2048.com|176
2048.con|176
2048.coo|384
2048.cop|48
2048.coq|176
2048.cor|144
2048.cos|96
2048.cot|176
2048.cou|160
2048.cov|832
2048.cow|160
2048.cox|96
2048.coy|12
2048.coz|160
2048.cpa|72
2048.cpb|12
2048.cpc|160
2048.cpd|96
2048.cpe|96
2048.cpf|176
2048.cub|0
2048._A|0
2048._B|64
2048._C|0
2048._E|0
2048._J|128
2048._R|8
2048._S|0
2048._W|0
2048._Y|0
2048._Z|0
2048._BB|32
2048._BC|8
2048._BD|32
2048._BF|0
2048._BH|0
2048._BI|16
2048._BM|0
2048._BP|8
2048._BQ|8
2048._BU|64
2048._BV|0
2048._BW|0
2048._CH|0
2048._CI|0
2048._CL|0
2048._CM|0
2048._CO|0
2048._CP|0
2048._CQ|0
2048._CT|8
2048._CU|0
2048._CX|0
2048._CY|4
2048._CZ|8
2048._DA|0
2048._DB|128
2048._DH|4
2048._DI|0
2048._DJ|1
2048._DM|0
2048._DN|0
2048._DO|0
2048._DS|0
2048._DV|0
2048._DZ|0
2048._ED|0
2048._EE|0
2048._EJ|24
2048._EO|0
2048._EP|4
2048._ER|4
2048._ET|12
2048._EU|0
2048._EV|0
2048._EX|0
2048._FA|8
2048._FB|24
2048._FE|24
2048._FF|0
2048._FG|0
2048._FI|0
2048._FJ|12
2048._FM|40
2048._FN|0
2048._FO|0
2048._FP|4
2048._FQ|56
2048._FR|8
2048._FS|12
2048._FT|0
2048._FV|40
2048._FX|56
2048._FY|8
2048._FZ|8
2048._GA|12
2048._GC|32
2048._GD|28
2048._GE|6
2048._GF|0
2048._GG|8
2048._GH|14
2048._GI|8
2048._GK|8
2048._GL|0
2048._GM|0
2048._GO|24
2048._GU|16
2048._GV|8
2048._GX|0
2048._GZ|0
2048._HB|0
2048._HF|0
2048._HH|0
2048._HK|0
2048._HN|0
2048._HP|0
2048._HQ|0
2048._HR|448
2048._HS|0
2048._HT|0
2048._HU|0
2048._HW|96
2048._HX|0
2048._HY|192
2048._HZ|96
2048._IC|0
2048._IE|0
2048._IF|0
2048._IH|192
2048._II|0
2048._IJ|0
2048._IK|0
2048._IL|448
2048._IM|0
2048._IO|0
2048._IP|0
2048._IQ|0
2048._IS|448
2048._IV|0
2048._IW|0
2048._IX|352
2048._IY|416
2048._IZ|352
2048._JA|416
2048._JB|832
2048._JC|208
2048._JL|0
2048._JO|0
2048._JP|0
2048._JR|112
2048._JS|32
2048._JU|0
2048._JV|64
2048._KB|0
2048._KF|0
2048._KG|0
2048._KH|24
2048._KQ|0
2048._KS|0
2048._KT|0
2048._KV|0
2048._KX|0
2048._LA|0
2048._LC|0
2048._LD|16
2048._LL|0
2048._LS|0
2048._LY|16
2048._LZ|24
2048._MA|0
2048._MB|32
2048._MC|28
2048._MF|0
2048._MG|16
2048._MH|0
2048._MJ|0
2048._MK|0
2048._MM|0
2048._MN|8
2048._MO|0
2048._MP|4
2048._MQ|0
2048._MS|0
2048._MT|0
2048._MV|0
2048._MW|8
2048._MY|0
2048._NA|0
2048._NC|64
2304.fc|15
2304.fd|45
2304.fe|1
2560.d|32
2560.h|8
2560.i|7
2560.j|42
2560.k|21
2560.l|7
2560.m|7
2560.n|90
2688.ce|343
2688.cf|392
2688.cg|168
3072.dm|36
3072.dn|0
3072.do|0
3072.dp|192
3072.dq|12
3072.dr|28
3072.ds|7
3072.dt|192
3072.du|168
3072.dv|288
3072.dw|0
3072.dx|0
3072.dy|64
3072.dz|0
3072.ea|144
3072.eb|0
3072.ec|3
3072.ed|24
3072.ee|4
3072.ef|288
3072.eh|64
3072.ei|12
3072.ej|0
3072.el|144
3072.em|0
3072.en|0
3072.eo|0
3072.ep|0
3072.eq|0
3456.cf|63
3840.co|90
3840.cr|1
4096.s|0
4096.t|64
4096.v|0
4096.x|128
4096.bk|0
4096.bp|0
4096.bq|256
4096.bt|0
4096.ce|0
4096.cx|16
4096.cy|0
4096.dp|0
4096.dr|0
4096.el|112
4096.em|112
4096.et|0
4096.eu|0
4096.ew|64
4096.fa|16
4096.fb|8
4096.fd|0
4096.fg|0
4096.fh|32
4096.fw|0
4096.fz|16
4096.gb|16
4096.gy|8
4096.gz|0
4096.ha|0
4096.hh|0
4096.ia|0
4096.ic|0
4096.if|0
4096.jc|0
4096.jd|0
4096.je|6
4096.jf|0
4096.jo|0
4096.js|0
4096.jv|0
4096.jw|2
4096.jx|0
4096.ko|0
4096.kp|16
4096.kq|0
4096.lw|16
4096.md|0
4096.mf|128
4096.mg|128
4096.ms|2
4096.mt|0
4096.mu|2
4096.nk|0
4096.nl|0
4096.nm|0
4096.oa|0
4096.ob|0
4096.oe|0
4096.of|0
4096.or|0
4096.ov|0
4096.ow|0
4096.ph|12
4096.qu|0
4096.qv|8
4096.qw|8
4096.ri|16
4096.tz|24
4096.ua|0
4096.um|0
4096.un|0
4096.wo|0
4096.xn|128
4096.xo|128
4096.yc|16
4096.yi|48
4096.yu|0
4096.yv|0
4096.zf|24
4096.bae|0
4096.baf|0
4096.baq|0
4096.bas|0
4096.bbg|24
4096.bbh|0
4096.bbj|80
4096.bbk|0
4096.bbl|0
4096.bcy|16
4096.bcz|112
4096.bda|16
4096.bdb|48
4096.bde|0
4096.bfv|0
4096.bfw|40
4096.bfy|0
4096.bfz|112
4096.bga|32
4096.bgb|16
4096.bgc|24
4096.bgu|64
4096.bgv|56
4096.bhl|24
4096.bhm|0
4096.bhn|32
4096.bho|28
4096.bli|16
4096.blm|64
4096.bln|32
4096.blz|0
4096.bmd|0
4096.bmp|48
4096.bmr|0
4096.bnc|32
4096.bnl|16
4096.bnr|4
4096.bnz|96
4096.bob|24
4096.boj|0
4096.bol|0
4096.bon|0
4096.bor|0
4096.bot|0
4096.bow|0
4096.boz|0
4096.bpb|0
4096.bpc|0
4096.bpd|448
4096.bpe|0
4096.bpf|0
4096.bpg|0
4096.bph|0
4096.bpj|96
4096.bpk|0
4096.bpl|192
4096.bpm|96
4096.bpp|0
4096.bpr|0
4096.bps|0
4096.bpt|0
4096.bpu|192
4096.bpv|0
4096.bpw|0
4096.bpx|0
4096.bpy|448
4096.bpz|0
4096.bqb|0
4096.bqc|0
4096.bqd|0
4096.bqf|448
4096.bqh|0
4096.bqi|0
4096.bqj|0
4096.bqk|352
4096.bql|416
4096.bqm|352
4096.bqn|704
4096.bqo|416
4096.bqp|176
4096.bqq|832
4096.bqr|208
4096.bqu|0
4096.bwg|0
4096._G|0
4096._J|0
4096._K|0
4096._M|32
4096._N|8
4096._P|0
4096._Q|0
4096._R|0
4096._S|0
4096._W|0
4096._BA|0
4096._BB|0
4096._BC|16
4096._BL|0
4096._BN|0
4096._BO|0
4096._BP|0
4096._BQ|0
4096._BR|0
4096._BS|0
4096._BT|32
4096._BV|0
4096._BX|0
4096._BY|16
4096._CC|4
4096._CG|0
4096._CN|0
4096._CQ|24
4096._CR|0
4096._CU|0
4096._CV|16
4096._CW|24
4096._CX|0
4096._CY|32
4096._CZ|32
4096._DA|384
4096._DB|384
4096._DE|768
4096._DF|0
4096._DG|384
4096._DH|192
4096._DJ|192
4096._DM|384
4096._DN|384
4096._DO|96
4096._DP|0
4096._DQ|96
4096._DS|0
4096._DT|0
4096._DV|192
4096._DW|0
4096._DX|384
4096._DY|384
4096._DZ|384
4096._EA|192
4096._EB|48
4096._EC|96
4096._ED|192
4096._EE|0
4096._EG|0
4096._EH|16
4096._EI|0
4096._EK|0
4096._EL|0
4096._EN|0
4096._EO|64
4096._EP|0
4096._EQ|64
4096._ER|0
4096._ES|32
4096._ET|0
4096._EU|0
4096._EW|0
4096._EX|64
4096._EZ|0
4096._FB|0
4096._FD|32
4096._FH|32
4608.bx|60
4608.by|60
4608.cc|7
4608.ce|15
5120.c|88
5120.d|21
5120.e|120
5120.f|35
5120.h|112
5120.i|112
5120.k|112
5120.n|36
5120.q|21
5120.r|126
5120.s|12
5120.u|12
5120.w|176
6144.cn|144
6144.co|576
6144.cp|288
6144.cq|0
6144.cr|192
6144.cs|192
6144.ct|96
6144.cu|0
6144.cv|12
6144.cw|144
6144.cx|24
6144.cy|0
6144.cz|0
6144.da|0
6144.db|48
6144.dc|96
6144.dd|192
6144.de|192
6144.df|64
6144.dg|32
6144.dh|96
6144.di|8
6144.dj|96
6144.dk|0
6144.dl|0
6144.dm|0
6144.dn|0
6144.do|0
6912.bj|189
7168.s|0
7680.bc|17
8192.s|0
8192.w|0
8192.x|0
8192.bj|64
8192.bt|16
8192.bv|0
8192.bx|0
8192.by|0
8192.co|0
8192.ct|0
8192.dk|0
8192.dl|0
8192.dt|32
8192.ef|4
8192.eg|0
8192.ei|0
8192.el|0
8192.em|0
8192.fj|0
8192.fk|0
8192.gb|0
8192.gd|0
8192.ge|64
8192.gg|0
8192.hs|0
8192.ia|32
8192.ic|0
8192.id|0
8192.if|4
8192.ig|8
8192.il|0
8192.lj|16
8192.ms|0
8192.mt|64
8192.px|48
8192.py|0
8192.re|0
8192.rf|32
8192.rg|48
8192.rh|0
8192.sx|64
8192.sy|128
8192.vc|48
8192.vg|12
8192.vm|768
8192.vn|1536
8192.vq|1536
8192.vr|0
8192.vs|768
8192.vt|768
8192.vv|768
8192.vy|768
8192.vz|768
8192.wa|384
8192.wb|0
8192.wc|384
8192.we|0
8192.wf|0
8192.wg|0
8192.wi|768
8192.wj|0
8192.wk|768
8192.wl|768
8192.wm|768
8192.wn|768
8192.wo|384
8192.wp|384
8192.wq|768
8192.wr|0
8192.bbd|0
8192._A|16
8192._B|0
8192._D|0
8192._E|0
8192._G|0
8192._H|16
8192._J|32
8192._K|0
8192._L|16
8192._M|0
8192._N|0
8192._P|0
8192._Q|16
8192._R|16
8192._S|0
8192._U|0
8192._Z|0
8192._BA|0
8192._BC|0
8192._BD|0
8192._BF|0
8192._BJ|512
9216.r|60
9216.s|80
9216.x|45
10240.c|105
10240.d|264
10240.f|36
10240.g|528
10240.h|360
10240.l|360
10240.s|18
10240.t|108
10240.u|360
11264.f|1
12288.bu|768
12288.bv|1344
12288.bw|576
12288.bx|576
12288.by|288
12288.bz|384
12288.ca|768
12288.cb|96
12288.cc|576
12288.cd|192
12288.ce|128
12288.cf|0
13824.s|189
14336.l|896
15360.h|1
15360.j|85
15360.k|225
16384.b|64
16384.c|0
16384.l|0
16384.m|0
16384.o|0
16384.p|16
16384.bg|0
16384.bm|32
16384.bn|0
16384.bo|4
16384.bv|0
16384.cc|0
16384.ce|0
16384.cf|16
16384.cg|64
16384.ch|0
16384.cj|0
16384.fn|64
16384.ig|24
16384.im|4
16384.ip|0
16384.iq|0
16384.is|0
16384.it|0
16384.iv|0
16384._B|128
18432.i|160
18432.n|48
18432.o|96
18432.p|64
20480.a|240
20480.b|360
20480.c|240
20480.d|70
20480.e|240
20480.f|360
20480.g|240
20480.h|240
20480.k|240
20480.m|35
21504.u|1344
22528.c|7
24576.bd|2304
24576.be|768
24576.bf|1152
24576.bg|0
24576.bh|0
24576.bi|768
24576.bj|768
24576.bk|128
24576.bl|0
24576.bm|0
24576.bn|0
27648.j|567
30720.bk|51
32768.e|128
32768.bf|256
32768.cn|12
36864.d|480
36864.e|640
40960.a|0
40960.b|1440
40960.c|720
43008.y|6272
49152.u|2688
49152.v|2304
49152.w|768
49152.x|0
49152.y|384
49152.z|0
61440.l|85
61440.o|675
73728.b|640
81920.c|0
81920.d|0
98304.n|2304
112640.a|1023
163840.c|0
163840.d|720
225280.a|3069
327680.b|1320
327680.c|2640
327680.d|2160
327680.e|1320
655360.a|5040
